9859
618
7947
548
311
3291
8722
7567
9669
3598
617
8404
7190
4868
9237
2055
3290
4445
6563
1374
2838
3906
6956
6999
1129
5007
2266
5158
5693
7803
5396
3881
3561
9845
5525
2825
9939
4573
9595
3199
2787
7852
1612
7089
130
145
9235
5800
6369
1288
8119
8607
759
2809
812
8714
7426
8219
1795
8737
9582
8851
8236
8919
2211
8029
3469
5419
9320
5141
9770
8010
9990
6243
1924
4047
3400
177
8111
1417
8862
6842
8042
9079
6961
9408
5427
9554
2401
1738
3891
711
1946
264
2085
9215
5636
2773
8757
6061
1305
3576
9395
1700
5954
6743
7014
5011
3387
5432
7917
2526
5173
7989
7857
6649
9994
7836
2006
3459
2651
5040
7200
7021
3365
4447
1315
2278
2402
5249
7266
4932
3563
6026
3977
3201
5003
4348
2470
4336
5183
6924
9298
6650
5546
606
8622
3817
3861
1456
9944
8321
4787
9297
1597
3030
5635
7628
5784
4478
5103
2629
2281
1155
8945
414
8913
3573
5508
9878
457
2330
1096
5231
6626
275
6672
90
4279
1436
1590
5650
9582
911
8415
3665
2670
5415
8504
6163
923
6780
799
2789
1644
4767
6895
7785
4974
4963
5827
1849
4849
1686
6475
422
6720
8875
9292
3740
8062
7510
2642
8643
7644
7971
6017
7317
3783
5011
8409
6279
2430
5539
7592
1910
785
7051
1369
7199
100
3680
5482
2298
5811
375
8571
7140
2160
4823
18
984
6649
7161
572
2218
3540
4079
1710
9040
2268
7982
9145
1916
4469
6553
3628
5290
1546
8107
2756
1283
2969
2033
590
2028
3876
3778
2844
9646
2648
395
2166
7346
2906
1563
6296
4921
253
9208
9738
3525
3328
7005
9261
1416
5189
2417
3200
1879
1613
5492
1586
9930
4750
3336
4531
1571
1830
3146
4883
7560
953
3932
7036
2479
5431
8032
6075
7989
7833
8595
1832
8874
4297
7123
5848
7837
4913
2190
3384
4848
3260
3865
4490
8295
8057
6762
5564
1571
6927
2483
8003
4261
7050
8524
551
6657
9394
2859
6168
1889
1484
9586
7022
8082
8490
6213
7758
832
5182
5318
6008
8585
5405
8287
3821
6592
4078
4283
1582
5360
8065
818
5648
2346
8460
6560
9532
8510
6065
592
5731
6514
5915
3514
8414
802
359
118
9811
1204
6944
9611
7459
8902
5107
4057
1169
7831
6081
3807
3565
8126
8018
1946
2046
8091
678
315
1439
7560
9046
1588
6384
1996
5210
9007
8909
8140
116
2394
6427
7966
7706
4434
6399
4379
4001
9259
3849
880
8276
9130
5229
7330
9684
4160
6850
6619
282
9475
8339
8949
8247
6954
9204
2226
1676
3156
9295
9622
7078
3190
8011
9842
5953
5248
4974
3501
6205
1146
5145
9840
7406
5008
6914
6191
909
7447
3439
3375
700
4571
9758
4857
2455
823
5553
9945
1030
7775
4327
2243
4239
8269
1350
2099
184
1463
7812
2111
4666
5225
246
1307
8865
3637
2015
2888
2511
4323
2153
7243
1617
9238
9746
7030
6938
4477
2638
7237
4923
4323
9434
1687
6980
7172
7361
2294
6851
8492
871
9365
8043
9949
6050
1605
8257
2604
3065
7427
5824
2601
1781
1602
1964
4746
7428
8849
2227
2531
8428
9481
9680
1219
3516
2934
297
5166
9070
4991
3864
6627
3593
9411
9814
585
2900
2977
8307
9787
4004
2324
7907
973
4902
2697
6562
6041
1768
5791
8056
7179
2129
8234
2376
8069
7905
9380
8402
5151
4371
2689
4872
5999
6336
6157
4126
5858
2061
4084
378
3236
6692
6493
6267
4641
1616
1348
9047
7368
4273
835
6716
4505
4016
8508
1368
2267
4125
3109
4611
5244
7124
4785
7242
5670
157
3767
3063
4714
8787
1345
8651
9900
5372
2963
446
5659
9015
6438
4798
4811
5109
8272
2259
8993
6349
4162
8627
9690
2275
2862
7249
905
2083
3682
1743
9611
1063
7541
9717
9512
3833
3773
8778
2040
1730
8715
271
9663
672
9988
1099
4887
2550
1516
4785
9016
1773
5809
6654
3303
3752
5858
5838
3560
7366
8938
4990
8705
7425
1340
1724
2029
9603
8524
6618
6122
4376
2248
9218
1776
7406
354
7299
9934
9497
5787
5978
4306
83
4941
7068
7732
9184
8132
3311
1071
1552
1259
5481
4238
6446
7279
5200
6847
6645
1826
1328
5767
6099
8558
4443
3506
7253
8899
314
500
6033
8319
9602
1569
1539
4345
8370
7046
575
7098
2153
9282
5621
3593
6852
6324
7459
7506
6437
6610
8420
3330
4063
4467
7302
7249
7325
7050
9289
2780
9315
1823
932
5342
7965
6684
6785
5562
6323
7681
4201
6952
9262
1764
8714
5849
9332
4904
6020
5289
2111
4649
5347
6785
8332
1410
9223
9125
1630
3291
2191
4160
9411
1890
20
4682
5103
2324
610
5332
5268
6456
6769
6432
2995
5113
8594
9279
2044
8382
4020
7496
1842
440
9143
8594
2186
727
4968
4031
6769
4377
6650
3653
3437
3473
8086
4329
396
3935
8537
154
297
913
7868
6727
6093
2566
9585
847
4337
7403
473
1796
5618
8772
9138
1882
5837
1144
9518
7985
5850
6473
6175
2764
1110
3279
4942
1086
8088
5729
90
529
2117
8383
9198
7954
9966
334
1692
6572
5383
9233
8437
8767
6275
7152
6874
1149
9227
1752
252
8993
717
3439
2560
2588
7105
4257
431
8829
8999
7724
5834
3436
2780
9269
3738
9556
6636
9558
8005
4603
7265
8916
8029
9807
5081
8816
1986
6894
7846
5482
2792
2962
1774
8797
3523
9607
6499
1116
4543
3338
4621
7415
9196
5441
579
9881
2774
7393
1209
9217
2354
2799
8099
5626
981
6167
5080
5737
5423
4610
2850
468
1956
4648
3857
1466
5819
3154
4671
6546
9168
3770
8686
2339
5716
6609
2030
5005
9892
2989
5531
1011
8071
8878
4179
5910
3168
9323
9300
8175
3828
9965
5092
7336
2501
2487
1482
9639
3229
8224
4442
536
2263
3664
6655
2006
9782
3427
9376
5446
265
2988
6020
5073
5110
1289
8498
2827
3155
6127
7666
4228
1381
1186
4255
8043
3215
5491
1902
4922
6508
3591
3207
6738
5415
2111
1858
4244
7975
2393
6254
5304
6905
7251
5514
1422
1941
4551
1958
5759
1539
9751
7956
2287
918
6694
7320
9697
4438
5105
5775
3670
1724
2440
955
3812
6646
813
2140
8192
7066
5320
2395
8807
2071
3508
112
5902
9431
1658
6355
7044
1713
3656
8047
9825
748
2637
6851
8030
5293
3715
7410
9392
6097
4794
2746
7346
7430
3181
1393
9022
515
2740
1900
7703
9433
5125
4617
9030
3153
7303
44
5520
3204
4996
4087
5104
6154
9322
2003
4230
6106
7055
8155
9787
6688
2447
4903
6880
2252
4740
1590
4706
7735
2528
3380
4684
7729
953
4747
266
2150
2769
7286
661
1007
7409
1841
7103
2948
1202
7724
3997
6063
5144
7470
252
8475
2860
1078
2561
620
5572
1597
7346
7385
6641
24
1834
2356
7348
2521
6141
6250
2445
2020
792
5733
8642
6543
5523
7598
5753
8435
2663
1472
9010
6208
5542
5289
6516
140
7723
8777
6770
3660
8175
6141
6714
5051
2405
6693
4986
8423
4755
7953
1199
8027
141
1531
9451
8759
9967
221
6850
6252
6311
2915
4066
7699
1677
4587
9708
413
4865
5769
8115
6661
5503
2311
6016
4514
7616
3242
9728
4041
6704
8271
8778
6351
3608
2916
5457
8747
1080
6980
562
4634
723
6634
1018
9164
9654
5223
7960
2092
4726
5550
7866
6237
5381
3292
8375
4544
6785
8021
984
2290
745
3625
8724
8978
4845
6806
2150
2241
1681
2519
8269
1041
781
7530
4512
2688
4676
5280
2987
2238
7007
749
5547
729
1430
5855
7106
9466
6122
315
1304
7304
4818
6562
4302
8027
8528
6979
5568
9323
798
3691
3142
4199
3242
39
2823
4753
9212
9370
7723
9014
528
1530
6970
8443
7525
6756
5510
836
9921
7440
8179
1902
8286
1311
1663
364
4052
4688
7873
6479
7700
9667
9234
365
6319
4261
3394
3588
5089
4122
7577
265
3149
1512
7660
3593
7878
6175
9127
7344
1352
6743
6941
4600
9537
5731
1897
8425
1535
9937
5087
7279
6118
1459
2293
7738
2622
9975
6039
5886
4007
418
5996
394
8555
2572
6627
5302
5262
9589
505
4709
2004
8038
3178
9866
3727
7282
4784
4839
7603
8778
3245
3409
4825
6191
4946
3631
9868
7667
1722
7681
7091
8425
6374
6174
5371
219
6789
9877
2161
1657
1135
1829
5625
1375
1774
3192
5197
6336
1450
9594
2422
6814
4000
7159
2864
524
8078
7907
8461
267
1837
7443
8265
1936
2859
4504
8692
4198
6676
5212
1953
9360
8733
9765
475
3623
5341
358
4495
673
1529
4533
7450
6963
1482
6023
4911
3549
9404
8231
6021
5427
4966
7782
7611
7533
9153
3565
2985
8868
1494
6558
3845
4444
1561
1448
5070
9313
1164
4344
3592
8266
2769
6876
7268
3291
5776
1460
6699
8838
3649
8066
2440
4993
3991
3024
9503
227
9962
1456
1998
1495
6287
2798
5118
4307
3621
8802
4421
8531
8478
2658
9484
5838
6088
8181
7416
1947
3063
9890
4087
3132
6273
3654
8233
3111
8934
5396
6121
5670
1402
7286
8166
1141
5873
6674
786
9352
9605
9656
8598
1775
8727
4200
9632
9362
4944
9617
6426
5334
7090
5844
9624
7010
688
7383
4238
603
3798
1669
2092
6282
3927
7043
7255
4656
6769
5501
1508
5136
4367
2062
8260
106
1691
3839
9303
7496
6397
3638
5630
6209
9893
1120
2753
5724
9841
8394
8377
3503
2779
3833
9116
1108
1491
8266
6147
3260
2356
1379
6073
6526
7541
7591
1570
6728
1758
985
2645
5206
6613
72
8696
1377
4788
8793
9143
6734
8585
1315
9184
7863
2250
1971
9822
8647
3378
1263
9391
4351
3549
3655
4036
2998
1883
3672
789
8445
2901
7771
2959
1264
9802
3194
6108
2472
6851
3235
6620
3629
2299
5893
7205
9545
341
4950
4437
7192
9433
9255
9967
363
4607
2767
8458
6764
279
2324
1186
444
3794
8521
8456
2280
5264
3233
5725
2826
9191
7698
7399
8508
4412
2996
9645
2151
4066
1432
1157
5305
7004
1286
5975
1797
1744
6206
4078
4869
5643
8880
9627
8938
1515
9640
1813
2388
7868
1553
9361
3181
7779
602
4073
7359
2880
2325
1949
4550
5924
7740
2979
5216
9535
6895
1547
1073
388
7752
8420
468
2203
8736
2789
9147
5507
4442
617
1335
2978
3916
8010
5363
1946
2223
2168
4587
2043
7436
3559
5466
3455
3350
5522
7424
4165
9910
6511
5955
6317
5313
9281
8893
4141
4214
1268
5603
2830
5828
3497
9989
8470
8377
3102
1041
2498
6309
9848
1474
3312
716
3199
3319
1927
538
6727
8094
979
3872
9207
6510
4385
9069
5960
5732
7619
7705
8972
1445
2736
8235
5256
8851
4843
5706
9231
1275
1150
1280
9708
282
5828
3786
347
9360
9968
5292
3077
1309
1133
4945
3591
7176
2178
6592
526
8750
3569
3835
993
2743
2525
257
1338
6676
7830
9043
3730
9381
4627
6356
568
8503
7834
4201
7982
2410
8334
495
6753
8705
7702
4572
8674
1283
198
6382
2006
1822
1292
752
4054
8155
970
2091
6836
5756
4635
1625
9611
6226
9267
3621
2977
4283
4247
6766
460
9721
7974
8617
6478
3022
819
6790
4830
5411
9808
1083
2372
9064
6456
7741
8273
6454
3833
4334
105
3664
7133
9008
2510
3559
8532
5831
8490
2012
7775
8316
2920
4849
1227
317
368
6329
6343
9058
7021
670
4996
7355
6269
6385
3433
54
420
2907
6144
7260
3885
4354
9649
5851
3839
4232
1832
7582
8071
830
7173
9000
5688
2469
7856
4319
1532
4869
6247
6805
5845
7446
8134
835
4548
4300
4866
78
4981
4464
1970
5931
6309
2216
7338
4494
1586
1401
853
334
4269
4243
686
6085
8318
1275
3147
7796
1893
2230
8759
4195
9144
2496
9675
8693
6830
3453
9224
7609
2118
3799
947
8478
2117
3462
8205
6206
9898
9085
3550
9851
2512
913
5934
4264
2415
4629
8256
3422
7135
9136
3051
1310
8603
2336
5494
3638
6110
8696
5455
4573
4380
6757
1367
4808
5775
1534
318
575
8333
8186
5639
3034
2530
59
4856
5780
8560
2008
4385
2482
3391
5208
9094
9453
4338
7082
5338
7274
1576
594
5754
7083
9372
6766
2851
1199
90
2566
8065
3108
8813
9266
9765
685
9850
6277
2401
9758
8355
6439
4628
3700
5993
6401
4765
3666
4337
2353
3517
7734
1457
5230
3550
7369
7512
2645
7337
8005
6711
2017
1849
2738
1440
8906
9450
9801
105
4516
7565
5946
3421
8136
1515
5288
3615
5359
5411
9857
6492
2699
7986
2076
8796
8864
1486
8443
4005
6223
3183
1504
5916
5140
3995
1180
4360
3893
6140
9906
2485
3387
3583
2123
8434
3309
5884
2850
7192
6503
5261
6319
7367
5658
8974
1073
1726
8189
9087
6996
4006
3217
4184
5203
4509
9442
4570
2199
1546
6025
1966
8909
5185
7822
8716
6869
1237
5403
3210
5094
5157
3212
351
1728
2485
5587
467
2538
7610
2599
7717
681
1185
2156
3336
6098
7580
1919
6123
2726
8282
1352
9252
6652
8098
1009
1592
4237
7004
3398
313
7033
636
5970
461
2951
780
5417
8534
553
1685
1253
3460
3614
3001
3879
1523
6880
2992
4639
9154
7534
5500
8967
7506
5285
9275
3785
9030
2839
2986
7121
6957
3821
6977
7198
8234
2984
5966
9937
1692
7843
7681
3896
4463
981
1265
3525
1070
9443
6874
5094
6626
2114
1828
1530
1740
6378
3345
601
4651
358
6498
5042
4043
327
3206
7170
9882
9640
1137
1600
4328
3101
5781
6486
6330
7157
367
2281
1387
5150
1984
9497
6384
8167
710
9108
5574
3921
9927
5654
3739
8142
794
7179
3989
5804
7026
964
5779
6123
1223
1496
7710
7929
3362
8818
9147
1152
645
696
3136
1941
4246
4363
4496
6481
5494
4506
3781
6892
353
7474
7945
1093
6868
4273
6897
4286
5014
3912
3703
596
5029
4621
4050
381
8622
2352
8900
6522
3209
4438
9072
8204
9438
7521
5558
3235
280
3921
7852
9473
868
2739
1658
3036
3029
183
7826
99
7544
7136
1851
3048
2431
3957
8153
5531
8749
6404
666
6728
5309
5270
8815
6183
7263
1054
1221
8289
6975
2730
6415
9890
1299
300
2802
8474
6066
5955
924
973
4684
3362
6258
8442
3849
4370
7525
8057
8258
1827
7008
4126
6214
1774
7601
1210
4474
2598
8385
3248
7297
5548
4210
5141
1155
9026
7060
2384
3693
2647
6435
1682
3973
1985
1
3519
2999
7097
3724
9962
4593
6704
7195
8879
6344
5280
8954
6009
8229
589
1968
5156
848
5178
9433
3404
2135
4103
3013
8293
8603
8536
8076
692
3783
5233
9388
4474
6637
4862
4048
1377
5775
8591
7167
4207
7031
6369
3103
2584
3092
4087
2868
9024
3681
8535
1528
9629
2531
1617
568
4395
8384
6842
8953
1929
310
9127
1926
5456
4751
4997
6231
1796
2479
7013
9375
1683
4359
1300
3090
5531
4474
8441
385
6936
8344
9592
4644
5163
9932
